line
0 0 0 66 0 0
line
66 0 0 66 33 0
line
66 33 0 33 33 0
line
33 33 0 33 66 0
line
33 66 0 66 66 0
line
66 66 0 66 100 0
line
66 100 0 0 100 0
line
0 100 0 0 0 0
line
0 0 100 66 0 100
line
66 0 100 66 33 100
line
66 33 100 33 33 100
line
33 33 100 33 66 100
line
33 66 100 66 66 100
line
66 66 100 66 100 100
line
66 100 100 0 100 100
line
0 100 100 0 0 100
line
0 0 0 0 0 100
line
66 0 0 66 0 100
line
66 33 0 66 33 100
line
33 33 0 33 33 100
line
33 66 0 33 66 100
line
66 66 0 66 66 100
line
66 100 0 66 100 100
line
0 100 0 0 100 100
display
ident
rotate
x 10
rotate
y 5
move
100 100 0
scale
2 2 1
apply
display
